-0.52983614090849321321	-0.84810003171040815883	1.30683260316919205666
-0.61185789094271907573	-0.79096771191441669999	1.31347261182380797642
-0.68776615918397381809	-0.72593230420014012937	1.31979364015186201478
-0.75680249530792825137	-0.65364362086361191463	1.32581766366803246505
-0.81827711106441050426	-0.57482394653326891153	1.33156472683123605017
-0.87157577241358806001	-0.49026082134069957765	1.33705314592599519420
-0.91616593674945498403	-0.40079917207997529690	1.34229968750303431189
-0.95160207388951595403	-0.30733286997841968311	1.34731972565426359815
-0.97753011766509705538	-0.21079579943077970598	1.35212738092095465718
-0.99369100363346445613	-0.11215252693505451742	1.35673564323107511236
-0.99992325756410088417	-0.01238866346289073715	1.36115648092068409860
-0.99616460883584067178	0.08749898343944656932	1.36540093760512922710
-0.98245261262433251227	0.18651236942257540449	1.36947921842025585917
-0.95892427466313846889	0.28366218546322626446	1.37340076694501586086
-0.92581468232773229694	0.37797774271298056332	1.37717433393895123711
-0.88345465572015326467	0.46851667130037695863	1.38080803887618089606
-0.83226744222390116356	0.55437433617916092944	1.38430942512767984304
-0.77276448755598736235	0.63469287594263436240	1.38768550953241249129
-0.70554032557039190623	0.70866977429126000002	1.39094282700241834864
-0.63126663787232131146	0.77556587851024979765	1.39408747072486000451
-0.55068554259763776122	0.83471278483915968274	1.39712512845332279149
-0.46460217941375721141	0.88551951694131900416	1.40006111531961381450
-0.37387666483023635981	0.92747843074403574090	1.40290040354452205159
-0.27941549819892587281	0.96017028665036602054	1.40564764938026978095
-0.18216250427209554002	0.98326843844258459658	1.40830721757769324532
-0.08308940281749657800	0.99654209702321747513	1.41088320363667735009
0	1.00000000000000000000	0
0.09983341664682815230	0.99500416527802576609	0.09966865249116202737
0.19866933079506121545	0.98006657784124163112	0.19739555984988075837
0.29552020666133957510	0.95533648912560601964	0.29145679447786709199
0.38941834230865049166	0.92106099400288508279	0.38050637711236488630
0.47942553860420300027	0.87758256189037271611	0.46364760900080611621
0.56464247339503535720	0.82533561490967829724	0.54041950027058415544
0.64421768723769105367	0.76484218728448842625	0.61072596438920861654
0.71735609089952276162	0.69670670934716542092	0.67474094222355266305
0.78332690962748338846	0.62160996827066445648	0.73281510178650659164
0.84147098480789650665	0.54030230586813971740	0.78539816339744830961
0.89120736006143533995	0.45359612142557738777	0.83298126667443170541
0.93203908596722634967	0.36235775447667357763	0.87605805059819342311
0.96355818541719296470	0.26749882862458740699	0.91510070055336041656
0.98544972998846018065	0.16996714290024093861	0.95054684081207514789
0.99749498660405443094	0.07073720166770291008	0.98279372324732906798
0.99957360304150516434	-0.02919952230128872620	1.01219701145133418325
0.99166481045246861534	-0.12884449429552468408	1.03907225953609102762
0.97384763087819518653	-0.22720209469308705531	1.06369782240255966094
0.94630008768741448848	-0.32328956686350342227	1.08631839775787341806
0.90929742682568169539	-0.41614683654714238699	1.10714871779409050301
0.86320936664887377068	-0.50484610459985745162	1.12637711689379770989
0.80849640381959018430	-0.58850111725534570852	1.14416883366802053001
0.74570521217672017738	-0.66627602127982419331	1.16066898625340562678
0.67546318055115092656	-0.73739371554124549960	1.17600520709513510249
0.59847214410395649405	-0.80114361554693371483	1.19028994968253173292
0.51550137182146423525	-0.85688875336894723379	1.20362249297667741080
0.42737988023382993455	-0.90407214201706114798	1.21609067478395630285
0.33498815015590491954	-0.94222234066865815258	1.22777238637419322215
0.23924932921398232818	-0.97095816514959052178	1.23873685925201114137
0.14112000805986722210	-0.98999249660044545727	1.24904577239825442582
0.04158066243329057919	-0.99913515027327946449	1.25875420523236332555
-0.05837414342757990913	-0.99829477579475308466	1.26791145841992521367
-0.15774569414324838201	-0.98747976990886488393	1.27656176168370884247
-0.25554110202683131924	-0.96679819257946101428	1.28474488507757839521
-0.35078322768961984812	-0.93645668729079633769	1.29249666778978526790
-0.44252044329485238426	-0.89675841633414700587	1.29984947645647607779
-0.52983614090849321321	-0.84810003171040815883	1.30683260316919205666
-0.61185789094271907573	-0.79096771191441669999	1.31347261182380797642
-0.68776615918397381809	-0.72593230420014012937	1.31979364015186201478
-0.75680249530792825137	-0.65364362086361191463	1.32581766366803246505
-0.81827711106441050426	-0.57482394653326891153	1.33156472683123605017
-0.87157577241358806001	-0.49026082134069957765	1.33705314592599519420
-0.91616593674945498403	-0.40079917207997529690	1.34229968750303431189
-0.95160207388951595403	-0.30733286997841968311	1.34731972565426359815
-0.97753011766509705538	-0.21079579943077970598	1.35212738092095465718
-0.99369100363346445613	-0.11215252693505451742	1.35673564323107511236
-0.99992325756410088417	-0.01238866346289073715	1.36115648092068409860
-0.99616460883584067178	0.08749898343944656932	1.36540093760512922710
-0.98245261262433251227	0.18651236942257540449	1.36947921842025585917
-0.95892427466313846889	0.28366218546322626446	1.37340076694501586086
-0.92581468232773229694	0.37797774271298056332	1.37717433393895123711
-0.88345465572015326467	0.46851667130037695863	1.38080803887618089606
-0.83226744222390116356	0.55437433617916092944	1.38430942512767984304
-0.77276448755598736235	0.63469287594263436240	1.38768550953241249129
-0.70554032557039190623	0.70866977429126000002	1.39094282700241834864
-0.63126663787232131146	0.77556587851024979765	1.39408747072486000451
-0.55068554259763776122	0.83471278483915968274	1.39712512845332279149
-0.46460217941375721141	0.88551951694131900416	1.40006111531961381450
-0.37387666483023635981	0.92747843074403574090	1.40290040354452205159
-0.27941549819892587281	0.96017028665036602054	1.40564764938026978095
-0.18216250427209554002	0.98326843844258459658	1.40830721757769324532
-0.08308940281749657800	0.99654209702321747513	1.41088320363667735009
